id,x,y
0,0,0
1,1,0
2,2,0
3,3,0
4,4,0
5,5,0
6,6,0
7,6,1
8,6,2
9,5,2
10,4,2
11,3,2
12,2,2
13,1,2
14,0,2
15,0,1
16,3.59429,0.77047
17,4.41005,1.21793
18,3.43443,0.722678
19,0.90933,0.450209
20,2.55092,1.60576
21,3.10263,1.97998
22,4.50929,0.691122
23,1.01389,1.31462
24,2.95138,0.127079
25,4.19855,1.00961
26,0.884976,1.89917
27,0.849452,1.81024
28,4.15735,0.606098
29,2.55934,0.140751
30,5.79968,1.36637
31,0.919401,1.75451
32,4.93008,1.1641
33,1.14811,0.355785
34,4.90316,0.950529
35,0.933317,1.00784
36,4.3921,0.811182
37,1.67748,1.13749
38,4.09345,1.5117
39,4.33149,0.950591
40,0.738121,0.735618
41,5.00809,0.0701926
42,3.10208,1.32597
43,2.55733,0.209357
44,5.69604,1.84277
45,3.29728,0.691977
46,2.83035,0.749962
47,5.08188,0.633747
48,2.73659,0.543779
49,5.89782,0.595599
50,4.43513,1.13456
51,1.17594,1.52263
52,5.03665,0.795312
53,3.0054,1.78033
54,0.1648,1.98926
55,3.43553,0.101016
